        1799     
  0.10000000000000001     
  0.20000000000000001     
  0.29999999999999999     
  0.40000000000000002     
  0.50000000000000000     
  0.59999999999999998     
  0.69999999999999996     
  0.80000000000000004     
  0.90000000000000002     
   1.0000000000000000     
   1.1000000000000001     
   1.2000000000000000     
   1.3000000000000000     
   1.3999999999999999     
   1.5000000000000000     
   1.6000000000000001     
   1.7000000000000000     
   1.8000000000000000     
   1.8999999999999999     
   2.0000000000000000     
   2.1000000000000001     
   2.2000000000000002     
   2.2999999999999998     
   2.3999999999999999     
   2.5000000000000000     
   2.6000000000000001     
   2.7000000000000002     
   2.7999999999999998     
   2.8999999999999999     
   3.0000000000000000     
   3.1000000000000001     
   3.2000000000000002     
   3.2999999999999998     
   3.3999999999999999     
   3.5000000000000000     
   3.6000000000000001     
   3.7000000000000002     
   3.7999999999999998     
   3.8999999999999999     
   4.0000000000000000     
   4.0999999999999996     
   4.2000000000000002     
   4.2999999999999998     
   4.4000000000000004     
   4.5000000000000000     
   4.5999999999999996     
   4.7000000000000002     
   4.7999999999999998     
   4.9000000000000004     
   5.0000000000000000     
   5.0999999999999996     
   5.2000000000000002     
   5.2999999999999998     
   5.4000000000000004     
   5.5000000000000000     
   5.5999999999999996     
   5.7000000000000002     
   5.7999999999999998     
   5.9000000000000004     
   6.0000000000000000     
   6.0999999999999996     
   6.2000000000000002     
   6.2999999999999998     
   6.4000000000000004     
   6.5000000000000000     
   6.5999999999999996     
   6.7000000000000002     
   6.7999999999999998     
   6.9000000000000004     
   7.0000000000000000     
   7.0999999999999996     
   7.2000000000000002     
   7.2999999999999998     
   7.4000000000000004     
   7.5000000000000000     
   7.5999999999999996     
   7.7000000000000002     
   7.7999999999999998     
   7.9000000000000004     
   8.0000000000000000     
   8.0999999999999996     
   8.1999999999999993     
   8.3000000000000007     
   8.4000000000000004     
   8.5000000000000000     
   8.5999999999999996     
   8.6999999999999993     
   8.8000000000000007     
   8.9000000000000004     
   9.0000000000000000     
   9.0999999999999996     
   9.1999999999999993     
   9.3000000000000007     
   9.4000000000000004     
   9.5000000000000000     
   9.5999999999999996     
   9.6999999999999993     
   9.8000000000000007     
   9.9000000000000004     
   10.000000000000000     
   10.100000000000000     
   10.199999999999999     
   10.300000000000001     
   10.400000000000000     
   10.500000000000000     
   10.600000000000000     
   10.699999999999999     
   10.800000000000001     
   10.900000000000000     
   11.000000000000000     
   11.100000000000000     
   11.199999999999999     
   11.300000000000001     
   11.400000000000000     
   11.500000000000000     
   11.600000000000000     
   11.699999999999999     
   11.800000000000001     
   11.900000000000000     
   12.000000000000000     
   12.100000000000000     
   12.199999999999999     
   12.300000000000001     
   12.400000000000000     
   12.500000000000000     
   12.600000000000000     
   12.699999999999999     
   12.800000000000001     
   12.900000000000000     
   13.000000000000000     
   13.100000000000000     
   13.199999999999999     
   13.300000000000001     
   13.400000000000000     
   13.500000000000000     
   13.600000000000000     
   13.699999999999999     
   13.800000000000001     
   13.900000000000000     
   14.000000000000000     
   14.100000000000000     
   14.199999999999999     
   14.300000000000001     
   14.400000000000000     
   14.500000000000000     
   14.600000000000000     
   14.699999999999999     
   14.800000000000001     
   14.900000000000000     
   15.000000000000000     
   15.100000000000000     
   15.199999999999999     
   15.300000000000001     
   15.400000000000000     
   15.500000000000000     
   15.600000000000000     
   15.699999999999999     
   15.800000000000001     
   15.900000000000000     
   16.000000000000000     
   16.100000000000001     
   16.199999999999999     
   16.300000000000001     
   16.399999999999999     
   16.500000000000000     
   16.600000000000001     
   16.699999999999999     
   16.800000000000001     
   16.899999999999999     
   17.000000000000000     
   17.100000000000001     
   17.199999999999999     
   17.300000000000001     
   17.399999999999999     
   17.500000000000000     
   17.600000000000001     
   17.699999999999999     
   17.800000000000001     
   17.899999999999999     
   18.000000000000000     
   18.100000000000001     
   18.199999999999999     
   18.300000000000001     
   18.399999999999999     
   18.500000000000000     
   18.600000000000001     
   18.699999999999999     
   18.800000000000001     
   18.899999999999999     
   19.000000000000000     
   19.100000000000001     
   19.199999999999999     
   19.300000000000001     
   19.399999999999999     
   19.500000000000000     
   19.600000000000001     
   19.699999999999999     
   19.800000000000001     
   19.899999999999999     
   20.000000000000000     
   20.100000000000001     
   20.199999999999999     
   20.300000000000001     
   20.399999999999999     
   20.500000000000000     
   20.600000000000001     
   20.699999999999999     
   20.800000000000001     
   20.899999999999999     
   21.000000000000000     
   21.100000000000001     
   21.199999999999999     
   21.300000000000001     
   21.399999999999999     
   21.500000000000000     
   21.600000000000001     
   21.699999999999999     
   21.800000000000001     
   21.899999999999999     
   22.000000000000000     
   22.100000000000001     
   22.199999999999999     
   22.300000000000001     
   22.399999999999999     
   22.500000000000000     
   22.600000000000001     
   22.699999999999999     
   22.800000000000001     
   22.899999999999999     
   23.000000000000000     
   23.100000000000001     
   23.199999999999999     
   23.300000000000001     
   23.399999999999999     
   23.500000000000000     
   23.600000000000001     
   23.699999999999999     
   23.800000000000001     
   23.899999999999999     
   24.000000000000000     
   24.100000000000001     
   24.199999999999999     
   24.300000000000001     
   24.399999999999999     
   24.500000000000000     
   24.600000000000001     
   24.699999999999999     
   24.800000000000001     
   24.899999999999999     
   25.000000000000000     
   25.100000000000001     
   25.199999999999999     
   25.300000000000001     
   25.399999999999999     
   25.500000000000000     
   25.600000000000001     
   25.699999999999999     
   25.800000000000001     
   25.899999999999999     
   26.000000000000000     
   26.100000000000001     
   26.199999999999999     
   26.300000000000001     
   26.399999999999999     
   26.500000000000000     
   26.600000000000001     
   26.699999999999999     
   26.800000000000001     
   26.899999999999999     
   27.000000000000000     
   27.100000000000001     
   27.199999999999999     
   27.300000000000001     
   27.399999999999999     
   27.500000000000000     
   27.600000000000001     
   27.699999999999999     
   27.800000000000001     
   27.899999999999999     
   28.000000000000000     
   28.100000000000001     
   28.199999999999999     
   28.300000000000001     
   28.399999999999999     
   28.500000000000000     
   28.600000000000001     
   28.699999999999999     
   28.800000000000001     
   28.899999999999999     
   29.000000000000000     
   29.100000000000001     
   29.199999999999999     
   29.300000000000001     
   29.399999999999999     
   29.500000000000000     
   29.600000000000001     
   29.699999999999999     
   29.800000000000001     
   29.899999999999999     
   30.000000000000000     
   30.100000000000001     
   30.199999999999999     
   30.300000000000001     
   30.399999999999999     
   30.500000000000000     
   30.600000000000001     
   30.699999999999999     
   30.800000000000001     
   30.899999999999999     
   31.000000000000000     
   31.100000000000001     
   31.199999999999999     
   31.300000000000001     
   31.399999999999999     
   31.500000000000000     
   31.600000000000001     
   31.699999999999999     
   31.800000000000001     
   31.899999999999999     
   32.000000000000000     
   32.100000000000001     
   32.200000000000003     
   32.299999999999997     
   32.399999999999999     
   32.500000000000000     
   32.600000000000001     
   32.700000000000003     
   32.799999999999997     
   32.899999999999999     
   33.000000000000000     
   33.100000000000001     
   33.200000000000003     
   33.299999999999997     
   33.399999999999999     
   33.500000000000000     
   33.600000000000001     
   33.700000000000003     
   33.799999999999997     
   33.899999999999999     
   34.000000000000000     
   34.100000000000001     
   34.200000000000003     
   34.299999999999997     
   34.399999999999999     
   34.500000000000000     
   34.600000000000001     
   34.700000000000003     
   34.799999999999997     
   34.899999999999999     
   35.000000000000000     
   35.100000000000001     
   35.200000000000003     
   35.299999999999997     
   35.399999999999999     
   35.500000000000000     
   35.600000000000001     
   35.700000000000003     
   35.799999999999997     
   35.899999999999999     
   36.000000000000000     
   36.100000000000001     
   36.200000000000003     
   36.299999999999997     
   36.399999999999999     
   36.500000000000000     
   36.600000000000001     
   36.700000000000003     
   36.799999999999997     
   36.899999999999999     
   37.000000000000000     
   37.100000000000001     
   37.200000000000003     
   37.299999999999997     
   37.399999999999999     
   37.500000000000000     
   37.600000000000001     
   37.700000000000003     
   37.799999999999997     
   37.899999999999999     
   38.000000000000000     
   38.100000000000001     
   38.200000000000003     
   38.299999999999997     
   38.399999999999999     
   38.500000000000000     
   38.600000000000001     
   38.700000000000003     
   38.799999999999997     
   38.899999999999999     
   39.000000000000000     
   39.100000000000001     
   39.200000000000003     
   39.299999999999997     
   39.399999999999999     
   39.500000000000000     
   39.600000000000001     
   39.700000000000003     
   39.799999999999997     
   39.899999999999999     
   40.000000000000000     
   40.100000000000001     
   40.200000000000003     
   40.299999999999997     
   40.399999999999999     
   40.500000000000000     
   40.600000000000001     
   40.700000000000003     
   40.799999999999997     
   40.899999999999999     
   41.000000000000000     
   41.100000000000001     
   41.200000000000003     
   41.299999999999997     
   41.399999999999999     
   41.500000000000000     
   41.600000000000001     
   41.700000000000003     
   41.799999999999997     
   41.899999999999999     
   42.000000000000000     
   42.100000000000001     
   42.200000000000003     
   42.299999999999997     
   42.399999999999999     
   42.500000000000000     
   42.600000000000001     
   42.700000000000003     
   42.799999999999997     
   42.899999999999999     
   43.000000000000000     
   43.100000000000001     
   43.200000000000003     
   43.299999999999997     
   43.399999999999999     
   43.500000000000000     
   43.600000000000001     
   43.700000000000003     
   43.799999999999997     
   43.899999999999999     
   44.000000000000000     
   44.100000000000001     
   44.200000000000003     
   44.299999999999997     
   44.399999999999999     
   44.500000000000000     
   44.600000000000001     
   44.700000000000003     
   44.799999999999997     
   44.899999999999999     
   45.000000000000000     
   45.100000000000001     
   45.200000000000003     
   45.299999999999997     
   45.399999999999999     
   45.500000000000000     
   45.600000000000001     
   45.700000000000003     
   45.799999999999997     
   45.899999999999999     
   46.000000000000000     
   46.100000000000001     
   46.200000000000003     
   46.299999999999997     
   46.399999999999999     
   46.500000000000000     
   46.600000000000001     
   46.700000000000003     
   46.799999999999997     
   46.899999999999999     
   47.000000000000000     
   47.100000000000001     
   47.200000000000003     
   47.299999999999997     
   47.399999999999999     
   47.500000000000000     
   47.600000000000001     
   47.700000000000003     
   47.799999999999997     
   47.899999999999999     
   48.000000000000000     
   48.100000000000001     
   48.200000000000003     
   48.299999999999997     
   48.399999999999999     
   48.500000000000000     
   48.600000000000001     
   48.700000000000003     
   48.799999999999997     
   48.899999999999999     
   49.000000000000000     
   49.100000000000001     
   49.200000000000003     
   49.299999999999997     
   49.399999999999999     
   49.500000000000000     
   49.600000000000001     
   49.700000000000003     
   49.799999999999997     
   49.899999999999999     
   50.000000000000000     
   50.100000000000001     
   50.200000000000003     
   50.299999999999997     
   50.399999999999999     
   50.500000000000000     
   50.600000000000001     
   50.700000000000003     
   50.799999999999997     
   50.899999999999999     
   51.000000000000000     
   51.100000000000001     
   51.200000000000003     
   51.299999999999997     
   51.399999999999999     
   51.500000000000000     
   51.600000000000001     
   51.700000000000003     
   51.799999999999997     
   51.899999999999999     
   52.000000000000000     
   52.100000000000001     
   52.200000000000003     
   52.299999999999997     
   52.399999999999999     
   52.500000000000000     
   52.600000000000001     
   52.700000000000003     
   52.799999999999997     
   52.899999999999999     
   53.000000000000000     
   53.100000000000001     
   53.200000000000003     
   53.299999999999997     
   53.399999999999999     
   53.500000000000000     
   53.600000000000001     
   53.700000000000003     
   53.799999999999997     
   53.899999999999999     
   54.000000000000000     
   54.100000000000001     
   54.200000000000003     
   54.299999999999997     
   54.399999999999999     
   54.500000000000000     
   54.600000000000001     
   54.700000000000003     
   54.799999999999997     
   54.899999999999999     
   55.000000000000000     
   55.100000000000001     
   55.200000000000003     
   55.299999999999997     
   55.399999999999999     
   55.500000000000000     
   55.600000000000001     
   55.700000000000003     
   55.799999999999997     
   55.899999999999999     
   56.000000000000000     
   56.100000000000001     
   56.200000000000003     
   56.299999999999997     
   56.399999999999999     
   56.500000000000000     
   56.600000000000001     
   56.700000000000003     
   56.799999999999997     
   56.899999999999999     
   57.000000000000000     
   57.100000000000001     
   57.200000000000003     
   57.299999999999997     
   57.399999999999999     
   57.500000000000000     
   57.600000000000001     
   57.700000000000003     
   57.799999999999997     
   57.899999999999999     
   58.000000000000000     
   58.100000000000001     
   58.200000000000003     
   58.299999999999997     
   58.399999999999999     
   58.500000000000000     
   58.600000000000001     
   58.700000000000003     
   58.799999999999997     
   58.899999999999999     
   59.000000000000000     
   59.100000000000001     
   59.200000000000003     
   59.299999999999997     
   59.399999999999999     
   59.500000000000000     
   59.600000000000001     
   59.700000000000003     
   59.799999999999997     
   59.899999999999999     
   60.000000000000000     
   60.100000000000001     
   60.200000000000003     
   60.299999999999997     
   60.399999999999999     
   60.500000000000000     
   60.600000000000001     
   60.700000000000003     
   60.799999999999997     
   60.899999999999999     
   61.000000000000000     
   61.100000000000001     
   61.200000000000003     
   61.299999999999997     
   61.399999999999999     
   61.500000000000000     
   61.600000000000001     
   61.700000000000003     
   61.799999999999997     
   61.899999999999999     
   62.000000000000000     
   62.100000000000001     
   62.200000000000003     
   62.299999999999997     
   62.399999999999999     
   62.500000000000000     
   62.600000000000001     
   62.700000000000003     
   62.799999999999997     
   62.899999999999999     
   63.000000000000000     
   63.100000000000001     
   63.200000000000003     
   63.299999999999997     
   63.399999999999999     
   63.500000000000000     
   63.600000000000001     
   63.700000000000003     
   63.799999999999997     
   63.899999999999999     
   64.000000000000000     
   64.099999999999994     
   64.200000000000003     
   64.299999999999997     
   64.400000000000006     
   64.500000000000000     
   64.599999999999994     
   64.700000000000003     
   64.799999999999997     
   64.900000000000006     
   65.000000000000000     
   65.099999999999994     
   65.200000000000003     
   65.299999999999997     
   65.400000000000006     
   65.500000000000000     
   65.599999999999994     
   65.700000000000003     
   65.799999999999997     
   65.900000000000006     
   66.000000000000000     
   66.099999999999994     
   66.200000000000003     
   66.299999999999997     
   66.400000000000006     
   66.500000000000000     
   66.599999999999994     
   66.700000000000003     
   66.799999999999997     
   66.900000000000006     
   67.000000000000000     
   67.099999999999994     
   67.200000000000003     
   67.299999999999997     
   67.400000000000006     
   67.500000000000000     
   67.599999999999994     
   67.700000000000003     
   67.799999999999997     
   67.900000000000006     
   68.000000000000000     
   68.099999999999994     
   68.200000000000003     
   68.299999999999997     
   68.400000000000006     
   68.500000000000000     
   68.599999999999994     
   68.700000000000003     
   68.799999999999997     
   68.900000000000006     
   69.000000000000000     
   69.099999999999994     
   69.200000000000003     
   69.299999999999997     
   69.400000000000006     
   69.500000000000000     
   69.599999999999994     
   69.700000000000003     
   69.799999999999997     
   69.900000000000006     
   70.000000000000000     
   70.099999999999994     
   70.200000000000003     
   70.299999999999997     
   70.400000000000006     
   70.500000000000000     
   70.599999999999994     
   70.700000000000003     
   70.799999999999997     
   70.900000000000006     
   71.000000000000000     
   71.099999999999994     
   71.200000000000003     
   71.299999999999997     
   71.400000000000006     
   71.500000000000000     
   71.599999999999994     
   71.700000000000003     
   71.799999999999997     
   71.900000000000006     
   72.000000000000000     
   72.099999999999994     
   72.200000000000003     
   72.299999999999997     
   72.400000000000006     
   72.500000000000000     
   72.599999999999994     
   72.700000000000003     
   72.799999999999997     
   72.900000000000006     
   73.000000000000000     
   73.099999999999994     
   73.200000000000003     
   73.299999999999997     
   73.400000000000006     
   73.500000000000000     
   73.599999999999994     
   73.700000000000003     
   73.799999999999997     
   73.900000000000006     
   74.000000000000000     
   74.099999999999994     
   74.200000000000003     
   74.299999999999997     
   74.400000000000006     
   74.500000000000000     
   74.599999999999994     
   74.700000000000003     
   74.799999999999997     
   74.900000000000006     
   75.000000000000000     
   75.099999999999994     
   75.200000000000003     
   75.299999999999997     
   75.400000000000006     
   75.500000000000000     
   75.599999999999994     
   75.700000000000003     
   75.799999999999997     
   75.900000000000006     
   76.000000000000000     
   76.099999999999994     
   76.200000000000003     
   76.299999999999997     
   76.400000000000006     
   76.500000000000000     
   76.599999999999994     
   76.700000000000003     
   76.799999999999997     
   76.900000000000006     
   77.000000000000000     
   77.099999999999994     
   77.200000000000003     
   77.299999999999997     
   77.400000000000006     
   77.500000000000000     
   77.599999999999994     
   77.700000000000003     
   77.799999999999997     
   77.900000000000006     
   78.000000000000000     
   78.099999999999994     
   78.200000000000003     
   78.299999999999997     
   78.400000000000006     
   78.500000000000000     
   78.599999999999994     
   78.700000000000003     
   78.799999999999997     
   78.900000000000006     
   79.000000000000000     
   79.099999999999994     
   79.200000000000003     
   79.299999999999997     
   79.400000000000006     
   79.500000000000000     
   79.599999999999994     
   79.700000000000003     
   79.799999999999997     
   79.900000000000006     
   80.000000000000000     
   80.099999999999994     
   80.200000000000003     
   80.299999999999997     
   80.400000000000006     
   80.500000000000000     
   80.599999999999994     
   80.700000000000003     
   80.799999999999997     
   80.900000000000006     
   81.000000000000000     
   81.099999999999994     
   81.200000000000003     
   81.299999999999997     
   81.400000000000006     
   81.500000000000000     
   81.599999999999994     
   81.700000000000003     
   81.799999999999997     
   81.900000000000006     
   82.000000000000000     
   82.099999999999994     
   82.200000000000003     
   82.299999999999997     
   82.400000000000006     
   82.500000000000000     
   82.599999999999994     
   82.700000000000003     
   82.799999999999997     
   82.900000000000006     
   83.000000000000000     
   83.099999999999994     
   83.200000000000003     
   83.299999999999997     
   83.400000000000006     
   83.500000000000000     
   83.599999999999994     
   83.700000000000003     
   83.799999999999997     
   83.900000000000006     
   84.000000000000000     
   84.099999999999994     
   84.200000000000003     
   84.299999999999997     
   84.400000000000006     
   84.500000000000000     
   84.599999999999994     
   84.700000000000003     
   84.799999999999997     
   84.900000000000006     
   85.000000000000000     
   85.099999999999994     
   85.200000000000003     
   85.299999999999997     
   85.400000000000006     
   85.500000000000000     
   85.599999999999994     
   85.700000000000003     
   85.799999999999997     
   85.900000000000006     
   86.000000000000000     
   86.099999999999994     
   86.200000000000003     
   86.299999999999997     
   86.400000000000006     
   86.500000000000000     
   86.599999999999994     
   86.700000000000003     
   86.799999999999997     
   86.900000000000006     
   87.000000000000000     
   87.099999999999994     
   87.200000000000003     
   87.299999999999997     
   87.400000000000006     
   87.500000000000000     
   87.599999999999994     
   87.700000000000003     
   87.799999999999997     
   87.900000000000006     
   88.000000000000000     
   88.099999999999994     
   88.200000000000003     
   88.299999999999997     
   88.400000000000006     
   88.500000000000000     
   88.599999999999994     
   88.700000000000003     
   88.799999999999997     
   88.900000000000006     
   89.000000000000000     
   89.099999999999994     
   89.200000000000003     
   89.299999999999997     
   89.400000000000006     
   89.500000000000000     
   89.599999999999994     
   89.700000000000003     
   89.799999999999997     
   89.900000000000006     
   90.000000000000000     
   90.099999999999994     
   90.200000000000003     
   90.299999999999997     
   90.400000000000006     
   90.500000000000000     
   90.599999999999994     
   90.700000000000003     
   90.799999999999997     
   90.900000000000006     
   91.000000000000000     
   91.099999999999994     
   91.200000000000003     
   91.299999999999997     
   91.400000000000006     
   91.500000000000000     
   91.599999999999994     
   91.700000000000003     
   91.799999999999997     
   91.900000000000006     
   92.000000000000000     
   92.099999999999994     
   92.200000000000003     
   92.299999999999997     
   92.400000000000006     
   92.500000000000000     
   92.599999999999994     
   92.700000000000003     
   92.799999999999997     
   92.900000000000006     
   93.000000000000000     
   93.099999999999994     
   93.200000000000003     
   93.299999999999997     
   93.400000000000006     
   93.500000000000000     
   93.599999999999994     
   93.700000000000003     
   93.799999999999997     
   93.900000000000006     
   94.000000000000000     
   94.099999999999994     
   94.200000000000003     
   94.299999999999997     
   94.400000000000006     
   94.500000000000000     
   94.599999999999994     
   94.700000000000003     
   94.799999999999997     
   94.900000000000006     
   95.000000000000000     
   95.099999999999994     
   95.200000000000003     
   95.299999999999997     
   95.400000000000006     
   95.500000000000000     
   95.599999999999994     
   95.700000000000003     
   95.799999999999997     
   95.900000000000006     
   96.000000000000000     
   96.099999999999994     
   96.200000000000003     
   96.299999999999997     
   96.400000000000006     
   96.500000000000000     
   96.599999999999994     
   96.700000000000003     
   96.799999999999997     
   96.900000000000006     
   97.000000000000000     
   97.099999999999994     
   97.200000000000003     
   97.299999999999997     
   97.400000000000006     
   97.500000000000000     
   97.599999999999994     
   97.700000000000003     
   97.799999999999997     
   97.900000000000006     
   98.000000000000000     
   98.099999999999994     
   98.200000000000003     
   98.299999999999997     
   98.400000000000006     
   98.500000000000000     
   98.599999999999994     
   98.700000000000003     
   98.799999999999997     
   98.900000000000006     
   99.000000000000000     
   99.099999999999994     
   99.200000000000003     
   99.299999999999997     
   99.400000000000006     
   99.500000000000000     
   99.599999999999994     
   99.700000000000003     
   99.799999999999997     
   99.900000000000006     
   100.00000000000000     
   100.09999999999999     
   100.20000000000000     
   100.30000000000000     
   100.40000000000001     
   100.50000000000000     
   100.59999999999999     
   100.70000000000000     
   100.80000000000000     
   100.90000000000001     
   101.00000000000000     
   101.09999999999999     
   101.20000000000000     
   101.30000000000000     
   101.40000000000001     
   101.50000000000000     
   101.59999999999999     
   101.70000000000000     
   101.80000000000000     
   101.90000000000001     
   102.00000000000000     
   102.09999999999999     
   102.20000000000000     
   102.30000000000000     
   102.40000000000001     
   102.50000000000000     
   102.59999999999999     
   102.70000000000000     
   102.80000000000000     
   102.90000000000001     
   103.00000000000000     
   103.09999999999999     
   103.20000000000000     
   103.30000000000000     
   103.40000000000001     
   103.50000000000000     
   103.59999999999999     
   103.70000000000000     
   103.80000000000000     
   103.90000000000001     
   104.00000000000000     
   104.09999999999999     
   104.20000000000000     
   104.30000000000000     
   104.40000000000001     
   104.50000000000000     
   104.59999999999999     
   104.70000000000000     
   104.80000000000000     
   104.90000000000001     
   105.00000000000000     
   105.09999999999999     
   105.20000000000000     
   105.30000000000000     
   105.40000000000001     
   105.50000000000000     
   105.59999999999999     
   105.70000000000000     
   105.80000000000000     
   105.90000000000001     
   106.00000000000000     
   106.09999999999999     
   106.20000000000000     
   106.30000000000000     
   106.40000000000001     
   106.50000000000000     
   106.59999999999999     
   106.70000000000000     
   106.80000000000000     
   106.90000000000001     
   107.00000000000000     
   107.09999999999999     
   107.20000000000000     
   107.30000000000000     
   107.40000000000001     
   107.50000000000000     
   107.59999999999999     
   107.70000000000000     
   107.80000000000000     
   107.90000000000001     
   108.00000000000000     
   108.09999999999999     
   108.20000000000000     
   108.30000000000000     
   108.40000000000001     
   108.50000000000000     
   108.59999999999999     
   108.70000000000000     
   108.80000000000000     
   108.90000000000001     
   109.00000000000000     
   109.09999999999999     
   109.20000000000000     
   109.30000000000000     
   109.40000000000001     
   109.50000000000000     
   109.59999999999999     
   109.70000000000000     
   109.80000000000000     
   109.90000000000001     
   110.00000000000000     
   110.09999999999999     
   110.20000000000000     
   110.30000000000000     
   110.40000000000001     
   110.50000000000000     
   110.59999999999999     
   110.70000000000000     
   110.80000000000000     
   110.90000000000001     
   111.00000000000000     
   111.09999999999999     
   111.20000000000000     
   111.30000000000000     
   111.40000000000001     
   111.50000000000000     
   111.59999999999999     
   111.70000000000000     
   111.80000000000000     
   111.90000000000001     
   112.00000000000000     
   112.09999999999999     
   112.20000000000000     
   112.30000000000000     
   112.40000000000001     
   112.50000000000000     
   112.59999999999999     
   112.70000000000000     
   112.80000000000000     
   112.90000000000001     
   113.00000000000000     
   113.09999999999999     
   113.20000000000000     
   113.30000000000000     
   113.40000000000001     
   113.50000000000000     
   113.59999999999999     
   113.70000000000000     
   113.80000000000000     
   113.90000000000001     
   114.00000000000000     
   114.09999999999999     
   114.20000000000000     
   114.30000000000000     
   114.40000000000001     
   114.50000000000000     
   114.59999999999999     
   114.70000000000000     
   114.80000000000000     
   114.90000000000001     
   115.00000000000000     
   115.09999999999999     
   115.20000000000000     
   115.30000000000000     
   115.40000000000001     
   115.50000000000000     
   115.59999999999999     
   115.70000000000000     
   115.80000000000000     
   115.90000000000001     
   116.00000000000000     
   116.09999999999999     
   116.20000000000000     
   116.30000000000000     
   116.40000000000001     
   116.50000000000000     
   116.59999999999999     
   116.70000000000000     
   116.80000000000000     
   116.90000000000001     
   117.00000000000000     
   117.09999999999999     
   117.20000000000000     
   117.30000000000000     
   117.40000000000001     
   117.50000000000000     
   117.59999999999999     
   117.70000000000000     
   117.80000000000000     
   117.90000000000001     
   118.00000000000000     
   118.09999999999999     
   118.20000000000000     
   118.30000000000000     
   118.40000000000001     
   118.50000000000000     
   118.59999999999999     
   118.70000000000000     
   118.80000000000000     
   118.90000000000001     
   119.00000000000000     
   119.09999999999999     
   119.20000000000000     
   119.30000000000000     
   119.40000000000001     
   119.50000000000000     
   119.59999999999999     
   119.70000000000000     
   119.80000000000000     
   119.90000000000001     
   120.00000000000000     
   120.09999999999999     
   120.20000000000000     
   120.30000000000000     
   120.40000000000001     
   120.50000000000000     
   120.59999999999999     
   120.70000000000000     
   120.80000000000000     
   120.90000000000001     
   121.00000000000000     
   121.09999999999999     
   121.20000000000000     
   121.30000000000000     
   121.40000000000001     
   121.50000000000000     
   121.59999999999999     
   121.70000000000000     
   121.80000000000000     
   121.90000000000001     
   122.00000000000000     
   122.09999999999999     
   122.20000000000000     
   122.30000000000000     
   122.40000000000001     
   122.50000000000000     
   122.59999999999999     
   122.70000000000000     
   122.80000000000000     
   122.90000000000001     
   123.00000000000000     
   123.09999999999999     
   123.20000000000000     
   123.30000000000000     
   123.40000000000001     
   123.50000000000000     
   123.59999999999999     
   123.70000000000000     
   123.80000000000000     
   123.90000000000001     
   124.00000000000000     
   124.09999999999999     
   124.20000000000000     
   124.30000000000000     
   124.40000000000001     
   124.50000000000000     
   124.59999999999999     
   124.70000000000000     
   124.80000000000000     
   124.90000000000001     
   125.00000000000000     
   125.09999999999999     
   125.20000000000000     
   125.30000000000000     
   125.40000000000001     
   125.50000000000000     
   125.59999999999999     
   125.70000000000000     
   125.80000000000000     
   125.90000000000001     
   126.00000000000000     
   126.09999999999999     
   126.20000000000000     
   126.30000000000000     
   126.40000000000001     
   126.50000000000000     
   126.59999999999999     
   126.70000000000000     
   126.80000000000000     
   126.90000000000001     
   127.00000000000000     
   127.09999999999999     
   127.20000000000000     
   127.30000000000000     
   127.40000000000001     
   127.50000000000000     
   127.59999999999999     
   127.70000000000000     
   127.80000000000000     
   127.90000000000001     
   128.00000000000000     
   128.09999999999999     
   128.19999999999999     
   128.30000000000001     
   128.40000000000001     
   128.50000000000000     
   128.59999999999999     
   128.69999999999999     
   128.80000000000001     
   128.90000000000001     
   129.00000000000000     
   129.09999999999999     
   129.19999999999999     
   129.30000000000001     
   129.40000000000001     
   129.50000000000000     
   129.59999999999999     
   129.69999999999999     
   129.80000000000001     
   129.90000000000001     
   130.00000000000000     
   130.09999999999999     
   130.19999999999999     
   130.30000000000001     
   130.40000000000001     
   130.50000000000000     
   130.59999999999999     
   130.69999999999999     
   130.80000000000001     
   130.90000000000001     
   131.00000000000000     
   131.09999999999999     
   131.19999999999999     
   131.30000000000001     
   131.40000000000001     
   131.50000000000000     
   131.59999999999999     
   131.69999999999999     
   131.80000000000001     
   131.90000000000001     
   132.00000000000000     
   132.09999999999999     
   132.19999999999999     
   132.30000000000001     
   132.40000000000001     
   132.50000000000000     
   132.59999999999999     
   132.69999999999999     
   132.80000000000001     
   132.90000000000001     
   133.00000000000000     
   133.09999999999999     
   133.19999999999999     
   133.30000000000001     
   133.40000000000001     
   133.50000000000000     
   133.59999999999999     
   133.69999999999999     
   133.80000000000001     
   133.90000000000001     
   134.00000000000000     
   134.09999999999999     
   134.19999999999999     
   134.30000000000001     
   134.40000000000001     
   134.50000000000000     
   134.59999999999999     
   134.69999999999999     
   134.80000000000001     
   134.90000000000001     
   135.00000000000000     
   135.09999999999999     
   135.19999999999999     
   135.30000000000001     
   135.40000000000001     
   135.50000000000000     
   135.59999999999999     
   135.69999999999999     
   135.80000000000001     
   135.90000000000001     
   136.00000000000000     
   136.09999999999999     
   136.19999999999999     
   136.30000000000001     
   136.40000000000001     
   136.50000000000000     
   136.59999999999999     
   136.69999999999999     
   136.80000000000001     
   136.90000000000001     
   137.00000000000000     
   137.09999999999999     
   137.19999999999999     
   137.30000000000001     
   137.40000000000001     
   137.50000000000000     
   137.59999999999999     
   137.69999999999999     
   137.80000000000001     
   137.90000000000001     
   138.00000000000000     
   138.09999999999999     
   138.19999999999999     
   138.30000000000001     
   138.40000000000001     
   138.50000000000000     
   138.59999999999999     
   138.69999999999999     
   138.80000000000001     
   138.90000000000001     
   139.00000000000000     
   139.09999999999999     
   139.19999999999999     
   139.30000000000001     
   139.40000000000001     
   139.50000000000000     
   139.59999999999999     
   139.69999999999999     
   139.80000000000001     
   139.90000000000001     
   140.00000000000000     
   140.09999999999999     
   140.19999999999999     
   140.30000000000001     
   140.40000000000001     
   140.50000000000000     
   140.59999999999999     
   140.69999999999999     
   140.80000000000001     
   140.90000000000001     
   141.00000000000000     
   141.09999999999999     
   141.19999999999999     
   141.30000000000001     
   141.40000000000001     
   141.50000000000000     
   141.59999999999999     
   141.69999999999999     
   141.80000000000001     
   141.90000000000001     
   142.00000000000000     
   142.09999999999999     
   142.19999999999999     
   142.30000000000001     
   142.40000000000001     
   142.50000000000000     
   142.59999999999999     
   142.69999999999999     
   142.80000000000001     
   142.90000000000001     
   143.00000000000000     
   143.09999999999999     
   143.19999999999999     
   143.30000000000001     
   143.40000000000001     
   143.50000000000000     
   143.59999999999999     
   143.69999999999999     
   143.80000000000001     
   143.90000000000001     
   144.00000000000000     
   144.09999999999999     
   144.19999999999999     
   144.30000000000001     
   144.40000000000001     
   144.50000000000000     
   144.59999999999999     
   144.69999999999999     
   144.80000000000001     
   144.90000000000001     
   145.00000000000000     
   145.09999999999999     
   145.19999999999999     
   145.30000000000001     
   145.40000000000001     
   145.50000000000000     
   145.59999999999999     
   145.69999999999999     
   145.80000000000001     
   145.90000000000001     
   146.00000000000000     
   146.09999999999999     
   146.19999999999999     
   146.30000000000001     
   146.40000000000001     
   146.50000000000000     
   146.59999999999999     
   146.69999999999999     
   146.80000000000001     
   146.90000000000001     
   147.00000000000000     
   147.09999999999999     
   147.19999999999999     
   147.30000000000001     
   147.40000000000001     
   147.50000000000000     
   147.59999999999999     
   147.69999999999999     
   147.80000000000001     
   147.90000000000001     
   148.00000000000000     
   148.09999999999999     
   148.19999999999999     
   148.30000000000001     
   148.40000000000001     
   148.50000000000000     
   148.59999999999999     
   148.69999999999999     
   148.80000000000001     
   148.90000000000001     
   149.00000000000000     
   149.09999999999999     
   149.19999999999999     
   149.30000000000001     
   149.40000000000001     
   149.50000000000000     
   149.59999999999999     
   149.69999999999999     
   149.80000000000001     
   149.90000000000001     
   150.00000000000000     
   150.09999999999999     
   150.19999999999999     
   150.30000000000001     
   150.40000000000001     
   150.50000000000000     
   150.59999999999999     
   150.69999999999999     
   150.80000000000001     
   150.90000000000001     
   151.00000000000000     
   151.09999999999999     
   151.19999999999999     
   151.30000000000001     
   151.40000000000001     
   151.50000000000000     
   151.59999999999999     
   151.69999999999999     
   151.80000000000001     
   151.90000000000001     
   152.00000000000000     
   152.09999999999999     
   152.19999999999999     
   152.30000000000001     
   152.40000000000001     
   152.50000000000000     
   152.59999999999999     
   152.69999999999999     
   152.80000000000001     
   152.90000000000001     
   153.00000000000000     
   153.09999999999999     
   153.19999999999999     
   153.30000000000001     
   153.40000000000001     
   153.50000000000000     
   153.59999999999999     
   153.69999999999999     
   153.80000000000001     
   153.90000000000001     
   154.00000000000000     
   154.09999999999999     
   154.19999999999999     
   154.30000000000001     
   154.40000000000001     
   154.50000000000000     
   154.59999999999999     
   154.69999999999999     
   154.80000000000001     
   154.90000000000001     
   155.00000000000000     
   155.09999999999999     
   155.19999999999999     
   155.30000000000001     
   155.40000000000001     
   155.50000000000000     
   155.59999999999999     
   155.69999999999999     
   155.80000000000001     
   155.90000000000001     
   156.00000000000000     
   156.09999999999999     
   156.19999999999999     
   156.30000000000001     
   156.40000000000001     
   156.50000000000000     
   156.59999999999999     
   156.69999999999999     
   156.80000000000001     
   156.90000000000001     
   157.00000000000000     
   157.09999999999999     
   157.19999999999999     
   157.30000000000001     
   157.40000000000001     
   157.50000000000000     
   157.59999999999999     
   157.69999999999999     
   157.80000000000001     
   157.90000000000001     
   158.00000000000000     
   158.09999999999999     
   158.19999999999999     
   158.30000000000001     
   158.40000000000001     
   158.50000000000000     
   158.59999999999999     
   158.69999999999999     
   158.80000000000001     
   158.90000000000001     
   159.00000000000000     
   159.09999999999999     
   159.19999999999999     
   159.30000000000001     
   159.40000000000001     
   159.50000000000000     
   159.59999999999999     
   159.69999999999999     
   159.80000000000001     
   159.90000000000001     
   160.00000000000000     
   160.09999999999999     
   160.19999999999999     
   160.30000000000001     
   160.40000000000001     
   160.50000000000000     
   160.59999999999999     
   160.69999999999999     
   160.80000000000001     
   160.90000000000001     
   161.00000000000000     
   161.09999999999999     
   161.19999999999999     
   161.30000000000001     
   161.40000000000001     
   161.50000000000000     
   161.59999999999999     
   161.69999999999999     
   161.80000000000001     
   161.90000000000001     
   162.00000000000000     
   162.09999999999999     
   162.19999999999999     
   162.30000000000001     
   162.40000000000001     
   162.50000000000000     
   162.59999999999999     
   162.69999999999999     
   162.80000000000001     
   162.90000000000001     
   163.00000000000000     
   163.09999999999999     
   163.19999999999999     
   163.30000000000001     
   163.40000000000001     
   163.50000000000000     
   163.59999999999999     
   163.69999999999999     
   163.80000000000001     
   163.90000000000001     
   164.00000000000000     
   164.09999999999999     
   164.19999999999999     
   164.30000000000001     
   164.40000000000001     
   164.50000000000000     
   164.59999999999999     
   164.69999999999999     
   164.80000000000001     
   164.90000000000001     
   165.00000000000000     
   165.09999999999999     
   165.19999999999999     
   165.30000000000001     
   165.40000000000001     
   165.50000000000000     
   165.59999999999999     
   165.69999999999999     
   165.80000000000001     
   165.90000000000001     
   166.00000000000000     
   166.09999999999999     
   166.19999999999999     
   166.30000000000001     
   166.40000000000001     
   166.50000000000000     
   166.59999999999999     
   166.69999999999999     
   166.80000000000001     
   166.90000000000001     
   167.00000000000000     
   167.09999999999999     
   167.19999999999999     
   167.30000000000001     
   167.40000000000001     
   167.50000000000000     
   167.59999999999999     
   167.69999999999999     
   167.80000000000001     
   167.90000000000001     
   168.00000000000000     
   168.09999999999999     
   168.19999999999999     
   168.30000000000001     
   168.40000000000001     
   168.50000000000000     
   168.59999999999999     
   168.69999999999999     
   168.80000000000001     
   168.90000000000001     
   169.00000000000000     
   169.09999999999999     
   169.19999999999999     
   169.30000000000001     
   169.40000000000001     
   169.50000000000000     
   169.59999999999999     
   169.69999999999999     
   169.80000000000001     
   169.90000000000001     
   170.00000000000000     
   170.09999999999999     
   170.19999999999999     
   170.30000000000001     
   170.40000000000001     
   170.50000000000000     
   170.59999999999999     
   170.69999999999999     
   170.80000000000001     
   170.90000000000001     
   171.00000000000000     
   171.09999999999999     
   171.19999999999999     
   171.30000000000001     
   171.40000000000001     
   171.50000000000000     
   171.59999999999999     
   171.69999999999999     
   171.80000000000001     
   171.90000000000001     
   172.00000000000000     
   172.09999999999999     
   172.19999999999999     
   172.30000000000001     
   172.40000000000001     
   172.50000000000000     
   172.59999999999999     
   172.69999999999999     
   172.80000000000001     
   172.90000000000001     
   173.00000000000000     
   173.09999999999999     
   173.19999999999999     
   173.30000000000001     
   173.40000000000001     
   173.50000000000000     
   173.59999999999999     
   173.69999999999999     
   173.80000000000001     
   173.90000000000001     
   174.00000000000000     
   174.09999999999999     
   174.19999999999999     
   174.30000000000001     
   174.40000000000001     
   174.50000000000000     
   174.59999999999999     
   174.69999999999999     
   174.80000000000001     
   174.90000000000001     
   175.00000000000000     
   175.09999999999999     
   175.19999999999999     
   175.30000000000001     
   175.40000000000001     
   175.50000000000000     
   175.59999999999999     
   175.69999999999999     
   175.80000000000001     
   175.90000000000001     
   176.00000000000000     
   176.09999999999999     
   176.19999999999999     
   176.30000000000001     
   176.40000000000001     
   176.50000000000000     
   176.59999999999999     
   176.69999999999999     
   176.80000000000001     
   176.90000000000001     
   177.00000000000000     
   177.09999999999999     
   177.19999999999999     
   177.30000000000001     
   177.40000000000001     
   177.50000000000000     
   177.59999999999999     
   177.69999999999999     
   177.80000000000001     
   177.90000000000001     
   178.00000000000000     
   178.09999999999999     
   178.19999999999999     
   178.30000000000001     
   178.40000000000001     
   178.50000000000000     
   178.59999999999999     
   178.69999999999999     
   178.80000000000001     
   178.90000000000001     
   179.00000000000000     
   179.09999999999999     
   179.19999999999999     
   179.30000000000001     
   179.40000000000001     
   179.50000000000000     
   179.59999999999999     
   179.69999999999999     
   179.80000000000001  
   179.90000000000000   
